0.8999996651981629
0.8999996651590936
0.8100636446439113
0.7072498398291531
0.7034192885044138
0.5205081571903916
0.4666720373273484
0.3092110557049013
0.2916987995430703
0.2906747075784333
0.2522697264972982
0.2522157532752207
0.2516220950187599
0.2506756150164119
0.23630100932211834
0.23227260553687107
0.2247824294686179
0.22428176461359448
0.22355415818702312
0.21838735694561726
0.21747294623381425
0.20817136693960375
0.20260050486793063
0.20209122323099526
0.2020620967355115
0.18615124542712147
0.17695422093137378
0.1766580403293571
0.17665401143120124
0.17499307312374132
0.17466727696943068
0.17132297955208314
0.17065864155265303
0.1701625704738808
0.16840608881432292
0.16064327917080196
0.16063947244750032
0.1576711437765726
0.1544748282553305
0.15190931435375962
0.14847771528728465
0.13841482895117913
0.1379709295547935
0.13793343108814973
0.13719261346986514
0.13470972419219446
0.13257504493997502
0.1295069436701523
0.12818495310354974
0.12619965487436519
0.12618111051500164
0.12065973213806513
0.12027917637218669
0.1190205510474062
0.11836459743284433
0.11367971209358999
0.1109985257717854
0.11094959430068292
0.11020127609373305
0.1100438534111536
0.10635248081903641
0.10311040423546322
0.10245688421589813
0.10100219519490924
0.09925789506511935
0.09920311407553788
0.09837760368596526
0.09784801336110728
0.09762009693067919
0.09588852553362913
0.09492041547878032
0.09270897322327824
0.08982653550487414
0.08933273132726147
0.08861642049074966
0.0884142503656313
0.08833284788979721
0.08755068367857899
0.08697008320532926
0.08664553654966003
0.08588573999646752
0.08581176099678244
0.08546214608243212
0.08413104983602149
0.08200826104071263
0.07929174792382647
0.07857354006606208
0.07624941040864025
0.07429111255093883
0.07428096991690264
0.07427175768102105
0.07383907518758533
0.07383290202484324
0.06978387695212762
0.06880935646513181
0.06736083585293891
0.06658823203731716
0.06649632504693188
0.0649440567622653
0.06467946882695703
0.06379210917752329
0.06272985971082415
0.06144757269863127
0.05893909543343332
0.0581584641204008
0.057182408399276595
0.05716710832986997
0.05554532669438016
0.05302098784542504
0.0525699900169269
0.05228945626489499
0.05172056145488374
0.04996679587305325
0.049766576494406294
0.04955161628112876
0.049165895735111806
0.04881135837528221
0.047674874496867796
0.04633214602117462
0.04626096842381121
0.04568893239377067
0.04527495111422079
0.04493980094157119
0.043709807823303984
0.04365499418399926
0.04334577225326855
0.042122351686552775
0.0420713521650239
0.04131289677576501
0.040498260985821544
0.03980328006907826
0.039598285105311326
0.03940825720466031
0.03903561546258787
0.03837963632438948
0.03827478830891596
0.03787828765937482
0.03732872852877292
0.03711879382201251
0.037026266692987406
0.035933728063403336
0.035621778687945124
0.035462640014685055
0.032671990678674795
0.03131780221548044
0.03028060637354161
0.02929435112389815
0.02807725673064055
0.026263791801856208
0.02475587879958418
0.024512248634833488
0.024166860118261357
0.023437092672707847
0.02316054977074164
0.022871413302574188
0.021218999885631095
0.02021319163109281
0.01857843412590651
0.018187818498460715
0.01747247888292399
0.017420911633592613
0.01688589998996241
0.015419082880296387
0.01497230659557491
0.014643291247382853
0.013544569230504797
0.013372174521269093
0.013034093445414913
0.012920345457427424
0.012698542855653347
0.012186272566150621
0.011833979161841129
0.010762737545293135
0.010735856370250646
0.010669800090904364
0.010312747829603704
0.010011498907143541
0.009721380672018531
0.009436377933716631
0.008616615736334057
0.008260091091016046
0.00822104744667606
0.007928807914811103
0.007501075837151748
0.0073876309160731055
0.006413531874726404
0.00639963787525723
0.005957798260771549
0.005533841000859529
0.00543164960600344
0.004790927069703924
0.00445204239900574
0.004395241789847825
0.004057378485594453
0.003934068136592511
0.0034865719116116125
0.00338321829840628
0.002982906212276821
0.0028651277302931604
0.0027009879328963047
0.0026930801291159476
0.00244051962975884
0.002205838920135882
0.002182608978595814
0.0021685639822806497
0.0021287072751670333
0.001848260569080397
0.001675630407106372
0.0016439352426225664
0.0015370147467860522
0.0015196146167788759
0.0014520771749180548
