0.6939356548307748
0.6800159743686021
0.6776940403230853
0.6703403981453995
0.5366743757583563
0.5137781721305983
0.5008383038119902
0.5008263566653701
0.41412619779666693
0.40266212227825726
0.3454677407648356
0.34450230396696047
0.331559124973812
0.3315394484735873
0.300712252097629
0.2911951679700107
0.26611982811822577
0.25921174370448774
0.25821844963882273
0.25678194176385694
0.25624939381032596
0.24540523841161202
0.24538883349793558
0.24330756126473702
0.23378096915796026
0.23375845196114708
0.23226015954038454
0.22142055984080744
0.22051514140501466
0.2164541417556615
0.2118324717273535
0.2084700844283907
0.20844366644428353
0.20610051637684818
0.20124110132438675
0.20033022391343316
0.19962348141546088
0.19881679772626792
0.1978347214658353
0.1976686311848092
0.19697236145844021
0.19552854047792761
0.19500241778546856
0.19225557130261772
0.1897785959307557
0.1896691673330015
0.1836895984250236
0.18256766362907623
0.1816631025995901
0.18018374106578167
0.17732126656834685
0.17648085468329996
0.17637969351344915
0.17346616331641318
0.17336103744987602
0.17335153666868694
0.17326056907989487
0.17325885368258886
0.17316462077672795
0.17302004939441892
0.1730163229498513
0.1718927341432708
0.17186796689630623
0.16974924173306682
0.16672100063520978
0.16504864527423116
0.1618171364032142
0.1617915524674029
0.15861883033684535
0.15302716448746742
0.15234688120050754
0.15164682276064279
0.1454245837211655
0.14527998472788595
0.14327804954626205
0.14077469188700137
0.140508852071417
0.13921225140251944
0.13319130248484878
0.12853090321156108
0.1284893355585084
0.1231966098080001
0.12277179316964149
0.12203921635885459
0.12195394595929196
0.11931774971121112
0.11769598280418773
0.11732963022062395
0.11665156775070695
0.11662592753574823
0.1104947289387584
0.1054752548545986
0.10463953795763117
0.10378462704715079
0.10351405454657678
0.10202985474982958
0.10089970123554688
0.10073235881644042
0.09860656656087911
0.09813258613507027
0.09749428635015925
0.09634562898048567
0.09193055520561207
0.091444946594099
0.09136786403598741
0.09096810827537556
0.0887990753867076
0.08874970260941939
0.08830856944016244
0.08822574236642718
0.08807362807271579
0.0875053579875876
0.08614449151410992
0.08545782673655403
0.08481593013829276
0.08449290639045105
0.08445524943717213
0.08440525708993615
0.08363301410920912
0.08272309382520915
0.08091179574382007
0.08028741034509812
0.08018747412010675
0.07995696564344319
0.07990816624663802
0.079522897456143
0.0787693084024716
0.07801465826802827
0.07758807251191899
0.0774149172140231
0.07732582593712585
0.07571856788773755
0.07556643896077482
0.07520355196329738
0.07492846005659248
0.07490263804327894
0.0738126619495215
0.07364022780251431
0.0733711119416386
0.07326279304161795
0.07249668070949686
0.07176055136264291
0.07081907051758111
0.07043146644125287
0.0703285154761384
0.06949643612683593
0.0678508287265657
0.06713031010380677
0.0670423431322654
0.06663574531628713
0.06660364274278116
0.06609732417829381
0.06579698646267923
0.06549128571971521
0.06530571920799767
0.06502605452931472
0.0646163775438783
0.06424097650933816
0.06398220260124018
0.06352048819725702
0.06318505167389804
0.06113929351008921
0.06013094922672731
0.05923003818838839
0.059115899573950005
0.059057040277897085
0.05884480178752479
0.05877424984106561
0.05837476635295556
0.0574989551841952
0.05706396131156244
0.05597115031366886
0.05574046311774231
0.0555473688364184
0.055536689392941055
0.05538181081633897
0.054538778041439674
0.05416420957534086
0.05299575114491347
0.05189075417469339
0.05158548990274102
0.05149310773080311
0.05148752654917334
0.05128095799261356
0.05125251793048243
0.0510936650089292
0.05107907213086099
0.051037745063518325
0.050807426036757516
0.05023044922101873
0.049149133413194476
0.04861186869089358
0.048585934419510916
0.04850072358327383
0.0482661994761473
0.04800034617786115
0.047704947500041374
0.04756703766906549
0.047415090267388216
0.047346615684389415
0.04726390428567907
0.04641184460419817
0.046001733759750765
0.045905078364940906
0.045684840237546924
0.04483253233265093
0.04447579457751005
0.04401083375454967
0.04388548884121388
0.04378090525029796
0.04366503845814676
0.04341709636952974
0.04285976618444199
0.0426129417629797
0.04251332204889083
0.042235636183141426
0.04097280304515829
0.04092764822777793
0.040917552090097384
0.04080481206437668
0.04065914691700291
0.04028363123694245
0.04009546925925699
0.03983559689289477
0.03945357529850214
0.03928817357841695
0.03907173885822209
0.03894549310008057
0.03893434287470735
0.03884621830192438
0.03880876953780747
0.038777425037119236
0.038728376372994665
0.03753552359858204
0.03752717786597755
0.037525443718815756
0.03735230395661323
0.03723447659553776
0.0371125599669693
0.036794807573371245
0.036512268915529736
0.03606832531700359
0.0357789129392506
0.035524527220485054
0.035461035091622704
0.035376476926725214
0.03494590791656961
0.03486803344718081
0.03465592806311736
0.034644918416033586
0.03451468820768122
0.034512247796121664
0.034486780979054665
0.03445650322566117
0.034446203624502715
0.03439958694640442
0.03382708225714699
0.0337879423160443
0.03377342705966768
0.0337080239235759
0.032887825002009874
0.0327761247558362
0.032718191617603296
0.03264494159690414
0.03241194239194042
0.032374716895454195
0.03208638776221125
0.03207335390192487
0.031947251017793166
0.03164844970456022
0.031471891174031416
0.03146461356138577
0.030808971478677005
0.030574571016319517
0.029447584711477282
0.02741673420226452
0.02638363203796512
0.026200592974902605
0.02474864843583837
0.02403804990010303
0.023659532956373748
0.023476211361723696
0.023464085579467234
0.022548329843660238
0.02244077408859014
0.022260584158467885
0.021886872794391034
0.02153676319953559
0.020711322452144788
0.019169904749359652
0.01908855491393204
0.017853056430035347
0.016652078132421207
0.016651216528964577
0.015813879621023475
0.014730964493123106
0.014284972865287304
0.014239219324674559
0.014097397402395661
0.013723713863838301
0.013619748093871653
0.012535332418420359
0.012511191478192064
0.012280172529977519
0.01160187465794626
0.011295721549972989
0.011018674699944189
0.010555163055879318
0.010350701137667215
0.01022194008792407
0.00970026014321471
0.009520600839163137
0.00923727077243092
0.008495922797503724
0.008465452288091022
0.008377667586710016
0.008369557419349341
0.00836116946176021
0.007973396714063503
0.007931215973451328
0.007873869392614977
0.007513781985279545
0.007377744041931264
0.006797438366648906
0.006701299465915715
0.0064799259593572136
0.006401600010897686
0.00591435636873772
0.005653385443859577
0.005439255941634869
0.00516097700798841
0.005131579510021402
0.005089218391313023
0.004975798204671488
0.00490642686319468
0.004781802944064611
0.004691512506977388
0.0045720946853121175
0.004550006758430369
0.004489001067884672
0.004414472505223924
0.004400837612408658
0.004342688211386002
0.004308478953287679
0.004259539096695013
0.0038453840240141686
0.0037780039936322674
0.0037469134195760806
0.0037023680305463616
0.00360031452205978
0.0032449665374240273
0.003174683424267199
0.003133278404071718
0.003029822544927543
0.0030113935353077185
0.0029242779259491614
0.0027346238794628266
0.002694237946082949
0.0026170794591835363
0.0025887728868453416
0.002401358986505388
0.002357536270381661
0.0022893567593439516
0.002165947200739051
0.002089225299511973
0.0020840291632771945
0.0018524808674034187
0.0018351672205158698
0.0018337033452255867
0.06917336772890947
0.01193429446768179
0.008962872644949663
0.00854801444892872
0.003515504784067538
0.002519849030307435
0.007972770079760817
0.007796480158474585
0.8456779192533388
0.8452331135924325
0.8444939682502122
0.8414603484063777
0.8407435355013384
0.7658462089588428
0.7627389832637659
0.5294018520438022
0.5053793770054721
0.85486502732648
0.8518056110963268
0.8512140524477761
0.8512115826137885
0.7962951925490052
0.7959501867627921
0.6154693702365402
0.5819000039146671
0.581841906261478
0.3249244823510713
0.2637812418889379
0.2396257494880037
0.22404435135175818
0.2092377926911026
0.19764511907388133
0.1924817259247307
0.1915470342288172
0.1863052891911131
0.1829621332127717
0.18282454762847253
0.18275661638131208
0.18275477458288863
0.1765400016248721
0.17594383577544598
0.16993983630374535
0.16451217446596997
0.15890872391855845
0.1567794065263993
0.1562800793541115
0.14681992884779513
0.1454033677851976
0.1447915177536542
0.14254115711183796
0.13934868150674434
0.1342474542934548
0.13110125141900872
0.1295623323554013
0.12866506776890607
0.12666217806674376
0.12565339756978133
0.11943190938289501
0.11638512071173793
0.1149935586127135
0.1121587426090926
0.11183472645541317
0.11066470918801045
0.10995699537847155
0.10909640069806784
0.10890545463799914
0.10734921525798893
0.10532243783966319
0.10303190810411937
0.1020820669617086
0.10092896967516374
0.09725990753295718
0.09668586296182177
0.09528967665448163
0.09497488713029162
0.09361930046950043
0.0932753088985849
0.09223232815140345
0.09213619330379409
0.09183064891918942
0.09123604922478883
0.09029590867558226
0.08896330611526634
0.08820029702953942
0.08744353536349705
0.08588981150669314
0.08428218286299362
0.08386946175421037
0.08302832654023569
0.08178137995002609
0.08163488274846392
0.07889224206823245
0.07506295111836843
0.07471464184213433
0.0741048907646732
0.07248971976205314
0.07193528755681752
0.07155411959947357
0.07108973072815941
0.07046299920119485
0.06752675303809133
0.06619951987644829
0.06527869946041745
0.0650996169440515
0.06440280892129338
0.06209969399976367
0.06126719147192987
0.06084474343404619
0.06027353156218139
0.06000200653453228
0.0595844469591373
0.05938091522988127
0.05754738669692809
0.05715589092511194
0.05703078106537102
0.05523085786878921
0.05471933024599699
0.054560989843860444
0.054230243640890984
0.053116605582500406
0.052797395052084715
0.05266429207281581
0.052349587521809626
0.050621136083911944
0.05032037380994945
0.04987064615634968
0.048421631864184946
0.04727462323338334
0.04694492813318845
0.04680591025411631
0.04654853523703073
0.04650033359487503
0.046498871977201046
0.04528648471857762
0.045231959954800206
0.045030197807989926
0.044282848113230855
0.043567198898363114
0.04342300577804062
0.04187410682579383
0.041526362527309776
0.04122395420949207
0.040807593074793466
0.040733210715067816
0.04025865467271106
0.04011711411508746
0.039486731086892976
0.03943603622929172
0.03904408444781539
0.0371948251191094
0.03672072239448511
0.036326278851277836
0.03606378040065967
0.035704768441657306
0.03440387697633348
0.0341914833180211
0.03377083761399305
0.03367619563204117
0.0332612687190672
0.03320526809748697
0.03292656081314244
0.032874050867771065
0.03268275440726067
0.03235103780699
0.03166573721376002
0.03161312796677874
0.031311719982505246
0.03129456448053594
0.0309587199393316
0.03079399634566978
0.03045173714229805
0.030385033862176287
0.03035494713159394
0.030334602359908598
0.03025346851680984
0.030078519487393835
0.030065509817294493
0.029823505047073755
0.029318924284424192
0.028341773787006502
0.028144659047337407
0.0279602386874932
0.02650341476487795
0.026374695474065978
0.026348092542327877
0.025934006690870086
0.025662566180274366
0.02436437043098928
0.02436013319939017
0.02375802154888157
0.02350546559513034
0.023157163876513235
0.022761205723660336
0.022402140966717228
0.022106391144621214
0.021770638869058334
0.021073135568982965
0.020762879195897997
0.020161584265983582
0.02008336316358577
0.01992994144109895
0.019891338334336806
0.019875685742829205
0.01981056494592593
0.01928951424380908
0.019229571680710978
0.018962964846821872
0.01870311123030614
0.018628423272910012
0.018565781320764415
0.01838664524012045
0.017503624265018898
0.017496591941143905
0.017452579924624085
0.017446393549042764
0.016937558003316804
0.016633532954998757
0.016614212834137183
0.01621388090453952
0.01617943351029616
0.015977366322938363
0.015735107344605082
0.015690584396093197
0.015553286888112614
0.014465230919798979
0.014379515516602695
0.014284393781547274
0.014195028129115194
0.014174697292844447
0.014169920566748848
0.014026339046018053
0.01355200833685635
0.013481331886880577
0.01329804649128575
0.013102389262228209
0.012042227360479236
0.011957175213245321
0.011870017862863916
0.011758003818638962
0.01170055379446769
0.011054424784705402
0.01087789204612906
0.010412912153798873
0.01014078045694375
0.010070547768810478
0.007864890826329022
0.007530324210599147
0.006908656489780149
0.00628364337273792
0.0060891516950116135
0.005369608325676574
0.005049885574569764
0.004339738665555728
0.004233044042702283
0.0037975119354308807
0.003662506110645736
0.003493021138110063
0.003489225086774224
0.0030724035571737377
0.0028016911757767515
0.002695624596709475
0.0025499781760857285
0.0024925093408932186
0.0024300005562036533
0.0023901758046429703
0.00235899537971923
0.0023041594373864193
0.0020928659949145034
0.002066180494629825
0.0019584397055495764
0.0017017023901936528
0.0016507244910282707
0.001646102619164661
0.0015585950760226468
0.001551066720804347
0.0014665463301714947
0.001387343019235356
0.001351168104770008
0.0012596946953213346
0.001232385095689363
0.0011749680373055722
0.001050816321128205
0.0010242215683958606
0.0008388299813167563
0.0006645824701703243
0.0153961393900929
0.0053309314536184454
0.0016760262127598377
0.0009826021722920543
0.0009284717030726463
0.0008798412275411954
0.0007971213670388231
0.0007759999876005551
0.0007311624060037313
0.0006848143943142711
0.0006815293556387584
0.0006732552298598985
0.0006702531856200689
0.0005985924982952526
0.0005922239623358689
0.0005882992963262614
0.0005571980899296065
0.0005296982331344316
0.0005149924496573918
0.0005002525042407763
0.0004873601466645288
0.000485783911322862
0.00048508262991425125
0.0004668309331575889
0.00044055429860779
0.0004259387258320403
0.0004244539428669916
0.00041818655646416486
0.00041256660540318175
0.00040772337268495123
0.0003942481259845587
0.0003585952838533165
0.00034674665950062196
0.0003033535234963589
0.8528191196638758
0.8488998465286184
0.85980844269537
0.8514488606128298
0.866067682994494
0.8632323874143477
0.8578489399987277
0.8568777883575404
0.8513918772133785
0.8510853607353809
0.8522303227446862
0.8502612602427432
0.8515641043232751
0.8490542406893923
0.8572759355811257
0.8561260849457568
0.8521534127540467
0.8484924206563992
0.8625513040242272
0.8594903023494831
0.8582325182298591
0.8562877453027419
0.8507497391895205
0.8602062630931686
0.8558799210716224
0.8551997786139987
0.8465728784869132
0.8444928133902678
0.8406022802175187
0.853108603908829
0.8533018743118526
0.8599454413710982
0.8543560068850395
0.852671374465884
0.8595933469611807
0.8535542320633335
0.8521972878445346
0.8614242520110048
0.8534961716781864
0.853391379599791
0.8575500051366687
0.8571956830494791
0.8567645778001017
0.8532506240385125
0.8606046040736212
0.8567785004259256
0.8448278314043147
0.8432495827174694
0.8534394632299873
0.8526875437861724
0.862763730619496
0.8587465643716815
0.8582041207215225
0.8624903884931276
0.8468559450820962
0.8461991441064434
0.8550904743708767
0.8460151492062243
0.8614312386463487
0.8599380017518813
0.8595026850453822
0.8304364147184969
0.8241264426560599
0.8216181110818346
0.8209025982520093
0.8171032364181741
0.6755068862279159
0.6645825233923806
0.43520103301232327
0.377955466634568
0.31503858621812764
0.18745555513569825
0.18005989009864165
0.17401814389309472
0.17186744368539641
0.17030965996339548
0.16510362440057316
0.1637905648557744
0.14971007828319324
0.1492773331418043
0.14223907750473663
0.13251630750858673
0.8470984108172642
0.8023472636090453
0.7893994346458874
0.7854429710248464
0.7814502228270637
0.5826351260381415
0.5679941889360682
0.5540176171028557
0.37272975670033454
0.3711274181063169
0.33059653508822173
0.2524396377508385
0.24222472498109715
0.24076845219189508
0.2040994663172413
0.20114948260628238
0.18169631662899263
0.17857905447309416
0.17688559391868955
0.17563896089204928
0.1692050287976479
0.16917878534215938
0.16314884845717764
0.15936470113402543
0.15707956554957242
0.15653316324608352
0.15638339900665363
0.15071955087756145
0.15004290274958643
0.14869636584739754
0.8671681202442902
0.8656983798340668
0.8483950991701331
0.8615537417787076
0.8584969286863423
0.8579980736500252
0.853665980805727
0.8574058654206282
0.8562062328349063
0.8484912221006373
0.8445120773113162
0.8495384176070638
0.8492098757542401
0.8478711993218736
0.8684518811484561
0.867944007297262
0.8664149502843514
0.8516932324566268
0.8490140170527372
0.8485674637645235
0.8527251812156253
0.8507692554870362
0.8608127404059202
0.8584900349219143
0.8506294507993017
0.8502559492098488
0.8458020074511557
0.7437720156875766
0.7310266986437104
0.7267272057984677
0.7107744178265072
0.6235636923674066
0.5750017019878854
0.557268281956721
0.4330646462043669
0.4230567580107219
0.41035987898216747
0.37959417472684287
0.36213971623782976
0.3226927354110291
0.30365591640868594
0.2869998580046129
0.28691054303792096
0.27855093296055494
0.2708688268239461
0.25925049258067506
0.25590133976458673
0.2515194248552627
0.2473041657683032
0.24444932110698564
0.2408999409392633
0.23636767069376993
0.22598510841640335
0.21812998476417067
0.21388211407818397
0.2086696743605987
0.20733371389785585
0.2045113641552176
0.20446238827297153
0.20166596397237507
0.19374611957898627
0.19035651226242115
0.1892067483853685
0.18680509465317133
0.18596984279234124
0.1858745120887403
0.1854388150876266
0.1838879039101878
0.18365395829737563
0.18198824592379975
0.18156294891055674
0.1804635262057237
0.17939610547800697
0.17549371819877874
0.17436079236110938
0.17378583197620437
0.17247483821996934
0.17222147550664096
0.17121414493819634
0.16749201015990614
0.16724175527400825
0.16682507834126548
0.16625565600702336
0.8484314712156484
0.8483181072327962
0.8480314791474232
0.8421194077942842
0.7255057880903268
0.7232339498573397
0.720821845302924
0.6059557731640729
0.5573829645671313
0.546232573793417
0.517188228534238
0.41429091990292743
0.34721805435861397
0.32533403284069684
0.28957426306853895
0.27017836491121316
0.26167761182208704
0.24931600254930802
0.2407365216192343
0.23795546354920888
0.23097667808391326
0.22671749893596643
0.22231464231367054
0.22034225709602046
0.21659309139685434
0.20589441050107693
0.20109214891536403
0.2010491767091211
0.198225471407854
0.19697641470030985
0.19696675868973634
0.19524228047343617
0.19485700463515096
0.1927945691532162
0.18973983376051717
0.18845431050492414
0.18643790048344341
0.1864325106739083
0.1857441811599258
0.1841875015398333
0.1837119663538282
0.18337758355328754
0.1818886864334166
0.1815641103469836
0.18111097329423473
0.18067538791022372
0.17885274074542934
0.17701772096395865
0.17660377147871104
0.17517849537480346
0.17384488548272245
0.17294635435624647
0.1724558602611082
0.17164586881043098
0.8568019053424427
0.8545053451107844
0.8506698228621646
0.8526267720913034
0.8481221991415449
0.8462919032590174
0.8401883260362565
0.8488770772352934
0.7219443357584072
0.612234042094297
0.5836310608493854
0.558708877828344
0.5581736241269429
0.46641417737199176
0.4109588973403663
0.4075020037373983
0.35219452505518856
0.35055659732723893
0.3274149328160134
0.3253446991055595
0.3095511495221363
0.30455673629997293
0.293098232986764
0.2783223198318606
0.2714092440667666
0.2696922887855112
0.25383377900090054
0.2493186323021011
0.24812467114101922
0.24200476738705495
0.24003824771865673
0.23498356137180557
0.23281633771578605
0.22779890975489697
0.22721092920627126
0.22670819432427428
0.22471232186971468
0.22048760701403913
0.21807000556326775
0.21489378230367046
0.2148460002164851
0.8597362211701665
0.8541124021070363
0.851558556912481
0.858747293592257
0.8566866024806596
0.8551961159221759
0.8471481511484565
0.843096816239305
0.8514365496056776
0.8511657221468265
0.8624273606420318
0.860771890065665
0.860656206407538
0.8585612205180899
0.7726325879706321
0.7601883013501809
0.7594174910446224
0.7587811081026765
0.6534753962066734
0.6393993585987918
0.6145979268555406
0.6104301893372572
0.4845515654440641
0.4405028047192137
0.37172801412211426
0.35187465912107185
0.3399549999099648
0.2990195867463881
0.29650158717700836
0.29515319779803184
0.2590858934263974
0.2542130932147411
0.23627388202846045
0.22174630233112605
0.22081083516739208
0.22012952142863976
0.21844946051018552
0.20936539611632665
0.20272105255374098
0.19542624115242585
0.18249298798615382
0.18168488693310036
0.18003007308780067
0.17937899358057294
0.1773738930948878
0.1757976401190286
0.17425285243401542
0.1694405494137368
0.16870296276309202
0.1660512871893532
0.1653934903277416
0.1642819329216275
0.13784036014935847
0.13777082242321156
0.13767203438876113
0.13391290695814012
0.12955683478004024
0.12922155654864212
0.1265979431671633
0.12235867205185239
0.12075358764016061
0.12075358615894835
0.10918660990834643
0.10821985446214832
0.1069559385636375
0.09682068501044777
0.09378767944589476
0.08383243679026897
0.08312851066368632
0.0801368859410491
0.07319889674731413
0.06945408180535766
0.06877634873556171
0.06259672231568147
0.060396130091229294
0.059059816369746734
0.055288802983021676
0.05513965897270512
0.05362740316810828
0.051648050961561706
0.05057770301414925
0.04879527305191912
0.04852589109204309
0.04802662593428081
0.04715987029980619
0.046822959540535745
0.04250699838144309
0.04130227995628165
0.03941215591668256
0.036986500501560285
0.035524040233138585
0.03415365017548102
0.03284492851637074
0.031113445055369827
0.031028332529765196
0.030383347506249114
0.028710775634240064
0.02819950341612095
0.027589294695264444
0.026213077326729034
0.02526100513801331
0.025238208252872596
0.022984878154593304
0.022309488595884937
0.018751822687135215
0.017884097979122243
0.017591433634175098
0.017361140078454188
0.015774025390379094
0.01493961109920396
0.01450558344665521
0.013366728743027481
0.013349475529391855
0.013198415996554946
0.012982229363019664
0.012333551010346706
0.011956184975812035
0.011430706830197831
0.010961250507953546
0.010908295544487348
0.010690916877481504
0.010658368908165157
0.009639575126342361
0.009407879901642777
0.009364296985472104
0.008054982647381477
0.007934516513110768
0.007866816887784473
0.007269414176530743
0.006609755073901645
0.006399970351298713
0.006122890848945832
0.006054774220546972
0.006012918751230847
0.0057794842020811145
0.005368502337180154
0.005124798742755253
0.005089989777364486
0.004958988773250431
0.004452868249861843
